Type: Random Search
mean_fit_time: [1.89531159 1.2459363 ]
std_fit_time: [0.03991349 0.01204573]
mean_score_time: [0.01135507 0.01489472]
std_score_time: [0.0005895  0.00203825]
param_min_samples_split: [10 5]
param_max_features: ['log2' 'sqrt']
param_max_depth: [8 4]
params: [{'min_samples_split': 10, 'max_features': 'log2', 'max_depth': 8}, {'min_samples_split': 5, 'max_features': 'sqrt', 'max_depth': 4}]
split0_test_score: [0.98219304 0.9576385 ]
split1_test_score: [0.98616479 0.96100155]
split2_test_score: [0.98627404 0.95844702]
split3_test_score: [0.99227415 0.96665711]
split4_test_score: [0.82500678 0.34048996]
mean_test_score: [0.95438256 0.83684683]
std_test_score: [0.06476799 0.2481985 ]
rank_test_score: [1 2]
