Type: Random Search
mean_fit_time: [1641.95637655 1339.76160665]
std_fit_time: [199.29277407 233.77088969]
mean_score_time: [19.7922153   6.85553255]
std_score_time: [3.35412106 0.92839448]
param_kernel: ['rbf' 'poly']
param_gamma: ['scale' 'scale']
param_degree: [3 3]
param_C: [0.1 0.1]
params: [{'kernel': 'rbf', 'gamma': 'scale', 'degree': 3, 'C': 0.1}, {'kernel': 'poly', 'gamma': 'scale', 'degree': 3, 'C': 0.1}]
split0_test_score: [0.95106408 0.96676557]
split1_test_score: [0.99502736 0.99304439]
split2_test_score: [0.9951594  0.99372066]
split3_test_score: [0.99424231 0.9931399 ]
split4_test_score: [0.99436053 0.99356227]
mean_test_score: [0.98597073 0.98804656]
std_test_score: [0.01745701 0.01064349]
rank_test_score: [2 1]
