Type: Random Search
mean_fit_time: [8.0846519 6.1635303]
std_fit_time: [0.17040675 0.3223664 ]
mean_score_time: [0.29393258 0.09648824]
std_score_time: [0.01448913 0.01695455]
param_kernel: ['rbf' 'poly']
param_gamma: ['scale' 'scale']
param_degree: [3 3]
param_C: [0.1 0.1]
params: [{'kernel': 'rbf', 'gamma': 'scale', 'degree': 3, 'C': 0.1}, {'kernel': 'poly', 'gamma': 'scale', 'degree': 3, 'C': 0.1}]
split0_test_score: [0.94992043 0.9826922 ]
split1_test_score: [0.9878509  0.99385253]
split2_test_score: [0.98514314 0.99239184]
split3_test_score: [0.98676649 0.99239669]
split4_test_score: [0.977039   0.98623345]
mean_test_score: [0.97734399 0.98951334]
std_test_score: [0.01422779 0.00430613]
rank_test_score: [2 1]
