Type: Random Search
mean_fit_time: [0.08187957 0.07219353]
std_fit_time: [0.00627766 0.01218093]
mean_score_time: [0.0064168 0.0032084]
std_score_time: [0.00785894 0.0064168 ]
param_C: [0.1 0.2]
params: [{'C': 0.1}, {'C': 0.2}]
split0_test_score: [0.4951016  0.48530479]
split1_test_score: [0.57448338 0.5769991 ]
split2_test_score: [0.50350404 0.49901168]
split3_test_score: [0.33459119 0.3344115 ]
split4_test_score: [0.24395604 0.24377289]
mean_test_score: [0.43032725 0.42789999]
std_test_score: [0.12184512 0.12101703]
rank_test_score: [1 2]
