Type: Random Search
mean_fit_time: [0.05489235 0.03126197]
std_fit_time: [0.00266665 0.00458352]
mean_score_time: [0.00541677 0.00365448]
std_score_time: [0.00160389 0.00175636]
param_kernel: ['rbf' 'poly']
param_gamma: ['auto' 'scale']
param_degree: [3 4]
param_C: [0.1 10]
params: [{'kernel': 'rbf', 'gamma': 'auto', 'degree': 3, 'C': 0.1}, {'kernel': 'poly', 'gamma': 'scale', 'degree': 4, 'C': 10}]
split0_test_score: [0.98711901 0.99600871]
split1_test_score: [0.98472597 0.99083558]
split2_test_score: [0.96208446 0.98634322]
split3_test_score: [0.97142857 0.96531896]
split4_test_score: [0.89505495 0.91007326]
mean_test_score: [0.96008259 0.96971594]
std_test_score: [0.03376269 0.0315924 ]
rank_test_score: [2 1]
