Type: Random Search
mean_fit_time: [0.03193798 0.0171382 ]
std_fit_time: [0.00558433 0.00410471]
mean_score_time: [0.00666633 0.00475821]
std_score_time: [0.00341687 0.00401841]
param_kernel: ['rbf' 'poly']
param_gamma: ['scale' 'scale']
param_degree: [3 3]
param_C: [0.1 0.1]
params: [{'kernel': 'rbf', 'gamma': 'scale', 'degree': 3, 'C': 0.1}, {'kernel': 'poly', 'gamma': 'scale', 'degree': 3, 'C': 0.1}]
split0_test_score: [0.88074048 0.90174439]
split1_test_score: [0.95827286 0.96806967]
split2_test_score: [0.96843251 0.97314949]
split3_test_score: [0.95791001 0.92198839]
split4_test_score: [0.8011611  0.77721335]
mean_test_score: [0.91330339 0.90843306]
std_test_score: [0.06432334 0.07098146]
rank_test_score: [1 2]
