Type: Random Search
mean_fit_time: [0.0424427  0.03716307]
std_fit_time: [0.00310101 0.00624994]
mean_score_time: [0.00437512 0.00418749]
std_score_time: [0.00090861 0.00107005]
param_C: [0.1 0.2]
params: [{'C': 0.1}, {'C': 0.2}]
split0_test_score: [0.99600871 0.99709724]
split1_test_score: [0.9868823  0.98903863]
split2_test_score: [0.98598383 0.98778077]
split3_test_score: [0.97394429 0.9771788 ]
split4_test_score: [0.92948718 0.92490842]
mean_test_score: [0.97446126 0.97520077]
std_test_score: [0.02355538 0.02593234]
rank_test_score: [2 1]
