Type: Random Search
mean_fit_time: [0.04676142 0.03028598]
std_fit_time: [0.00868927 0.0029297 ]
mean_score_time: [0.00521312 0.00317655]
std_score_time: [0.00332431 0.00271135]
param_kernel: ['rbf' 'poly']
param_gamma: ['auto' 'scale']
param_degree: [3 4]
param_C: [0.1 10]
params: [{'kernel': 'rbf', 'gamma': 'auto', 'degree': 3, 'C': 0.1}, {'kernel': 'poly', 'gamma': 'scale', 'degree': 4, 'C': 10}]
split0_test_score: [0.98820755 0.99092888]
split1_test_score: [0.98454627 0.993531  ]
split2_test_score: [0.96855346 0.97448338]
split3_test_score: [0.95435759 0.95633423]
split4_test_score: [0.91098901 0.92912088]
mean_test_score: [0.96133078 0.96887967]
std_test_score: [0.02791561 0.02393076]
rank_test_score: [2 1]
