Type: Random Search
mean_fit_time: [8.96688051 5.12437778]
std_fit_time: [0.09239132 0.20592355]
mean_score_time: [0.40074463 0.07470016]
std_score_time: [0.0149364  0.00914546]
param_kernel: ['rbf' 'poly']
param_gamma: ['auto' 'scale']
param_degree: [3 4]
param_C: [0.1 10]
params: [{'kernel': 'rbf', 'gamma': 'auto', 'degree': 3, 'C': 0.1}, {'kernel': 'poly', 'gamma': 'scale', 'degree': 4, 'C': 10}]
split0_test_score: [0.95876191 0.979433  ]
split1_test_score: [0.99014493 0.99717648]
split2_test_score: [0.98607545 0.99603983]
split3_test_score: [0.98436117 0.99692546]
split4_test_score: [0.98171159 0.9957687 ]
mean_test_score: [0.98021101 0.99306869]
std_test_score: [0.011069   0.00683811]
rank_test_score: [2 1]
