Type: Random Search
mean_fit_time: [0.05965896 0.04745502]
std_fit_time: [0.00159975 0.00782054]
mean_score_time: [0.00374613 0.00365262]
std_score_time: [0.00074663 0.00074204]
param_C: [0.1 0.2]
params: [{'C': 0.1}, {'C': 0.2}]
split0_test_score: [0.97587083 0.9756894 ]
split1_test_score: [0.98490566 0.98616352]
split2_test_score: [0.97448338 0.97556155]
split3_test_score: [0.97466307 0.97663971]
split4_test_score: [0.92344322 0.94010989]
mean_test_score: [0.96667323 0.97083281]
std_test_score: [0.02195763 0.01586566]
rank_test_score: [2 1]
