Type: Random Search
mean_fit_time: [0.09230599 0.0668128 ]
std_fit_time: [0.00892709 0.00507125]
mean_score_time: [0.01157923 0.00861907]
std_score_time: [0.00095038 0.00172559]
param_kernel: ['rbf' 'poly']
param_gamma: ['scale' 'scale']
param_degree: [3 3]
param_C: [0.1 0.1]
params: [{'kernel': 'rbf', 'gamma': 'scale', 'degree': 3, 'C': 0.1}, {'kernel': 'poly', 'gamma': 'scale', 'degree': 3, 'C': 0.1}]
split0_test_score: [0.70359532 0.69063545]
split1_test_score: [0.64779874 0.50943396]
split2_test_score: [0.88008386 0.95513627]
split3_test_score: [0.8557652  0.83773585]
split4_test_score: [0.79529915 0.69615385]
mean_test_score: [0.77650845 0.73781908]
std_test_score: [0.0885947  0.15055376]
rank_test_score: [1 2]
