Type: Random Search
mean_fit_time: [0.18813996 0.13690786]
std_fit_time: [0.00606462 0.0041692 ]
mean_score_time: [0.00426898 0.00478301]
std_score_time: [0.00066465 0.00056742]
param_min_samples_split: [10 5]
param_max_features: ['log2' 'sqrt']
param_max_depth: [8 4]
params: [{'min_samples_split': 10, 'max_features': 'log2', 'max_depth': 8}, {'min_samples_split': 5, 'max_features': 'sqrt', 'max_depth': 4}]
split0_test_score: [0.970567   0.96471514]
split1_test_score: [0.98275241 0.95688391]
split2_test_score: [0.97558339 0.95599681]
split3_test_score: [0.99054784 0.96259447]
split4_test_score: [0.76751101 0.95075894]
mean_test_score: [0.93739233 0.95818985]
std_test_score: [0.08520777 0.0049742 ]
rank_test_score: [2 1]
