Type: Random Search
mean_fit_time: [0.00832748 0.0117456 ]
std_fit_time: [0.00651737 0.00606678]
mean_score_time: [0.         0.00361958]
std_score_time: [0.         0.00609207]
param_min_samples_split: [5 2]
param_max_depth: [8 8]
params: [{'min_samples_split': 5, 'max_depth': 8}, {'min_samples_split': 2, 'max_depth': 8}]
split0_test_score: [0.32039187 0.49600871]
split1_test_score: [0.49371069 0.43701707]
split2_test_score: [0.51302785 0.51455526]
split3_test_score: [0.31823899 0.38679245]
split4_test_score: [0.27435897 0.28782051]
mean_test_score: [0.38394568 0.4244388 ]
std_test_score: [0.09907196 0.08183305]
rank_test_score: [2 1]
