Type: Random Search
mean_fit_time: [0.15200882 0.10756025]
std_fit_time: [0.00279738 0.00530006]
mean_score_time: [0.00326695 0.00401359]
std_score_time: [0.00064475 0.00071676]
param_min_samples_split: [10 5]
param_max_features: ['log2' 'sqrt']
param_max_depth: [8 4]
params: [{'min_samples_split': 10, 'max_features': 'log2', 'max_depth': 8}, {'min_samples_split': 5, 'max_features': 'sqrt', 'max_depth': 4}]
split0_test_score: [0.97427884 0.95073039]
split1_test_score: [0.98665819 0.95987837]
split2_test_score: [0.97123193 0.93694065]
split3_test_score: [0.98168853 0.9372792 ]
split4_test_score: [0.96332965 0.88437143]
mean_test_score: [0.97543743 0.93384001]
std_test_score: [0.00813153 0.02619871]
rank_test_score: [1 2]
