Type: Random Search
mean_fit_time: [0.00865026 0.00713573]
std_fit_time: [0.00196165 0.00280724]
mean_score_time: [0.00200424 0.00371408]
std_score_time: [0.00247506 0.00194408]
param_min_samples_split: [10 5]
param_max_features: ['log2' 'sqrt']
param_max_depth: [8 4]
params: [{'min_samples_split': 10, 'max_features': 'log2', 'max_depth': 8}, {'min_samples_split': 5, 'max_features': 'sqrt', 'max_depth': 4}]
split0_test_score: [0.96961176 0.93659289]
split1_test_score: [0.95202156 0.98382749]
split2_test_score: [0.93513028 0.93369272]
split3_test_score: [0.92686433 0.93854447]
split4_test_score: [0.79413919 0.8771978 ]
mean_test_score: [0.91555342 0.93397108]
std_test_score: [0.06245772 0.03387251]
rank_test_score: [2 1]
