Type: Random Search
mean_fit_time: [0.00782456 0.00483665]
std_fit_time: [0.00394798 0.00395818]
mean_score_time: [0.00249572 0.00385761]
std_score_time: [0.00356891 0.003356  ]
param_min_samples_split: [10 5]
param_max_features: ['log2' 'sqrt']
param_max_depth: [8 4]
params: [{'min_samples_split': 10, 'max_features': 'log2', 'max_depth': 8}, {'min_samples_split': 5, 'max_features': 'sqrt', 'max_depth': 4}]
split0_test_score: [0.85866857 0.90761837]
split1_test_score: [0.95446299 0.95518868]
split2_test_score: [0.91872279 0.95410015]
split3_test_score: [0.88933237 0.90892598]
split4_test_score: [0.74147315 0.8116836 ]
mean_test_score: [0.87253197 0.90750335]
std_test_score: [0.07279718 0.05220845]
rank_test_score: [2 1]
