Type: Random Search
mean_fit_time: [1.8359683 1.2158093]
std_fit_time: [0.05337432 0.02872999]
mean_score_time: [0.0132153  0.01373291]
std_score_time: [0.0021234  0.00143145]
param_min_samples_split: [10 5]
param_max_features: ['log2' 'sqrt']
param_max_depth: [8 4]
params: [{'min_samples_split': 10, 'max_features': 'log2', 'max_depth': 8}, {'min_samples_split': 5, 'max_features': 'sqrt', 'max_depth': 4}]
split0_test_score: [0.9654625  0.94458696]
split1_test_score: [0.9883772  0.96030455]
split2_test_score: [0.99287715 0.96552003]
split3_test_score: [0.97284303 0.95773789]
split4_test_score: [0.88429646 0.33254715]
mean_test_score: [0.96077127 0.83213932]
std_test_score: [0.03951963 0.2498914 ]
rank_test_score: [1 2]
