Type: Random Search
mean_fit_time: [0.00933499 0.01014328]
std_fit_time: [0.00147664 0.00101423]
mean_score_time: [0.00250235 0.00258803]
std_score_time: [0.00063294 0.00076418]
param_min_samples_split: [5 2]
param_max_depth: [8 8]
params: [{'min_samples_split': 5, 'max_depth': 8}, {'min_samples_split': 2, 'max_depth': 8}]
split0_test_score: [0.98811684 0.97859216]
split1_test_score: [0.97061995 0.97807727]
split2_test_score: [0.95336927 0.97906559]
split3_test_score: [0.95220126 0.9524708 ]
split4_test_score: [0.91208791 0.88470696]
mean_test_score: [0.95527904 0.95458256]
std_test_score: [0.0252676 0.0363729]
rank_test_score: [1 2]
