Type: Random Search
mean_fit_time: [0.01521649 0.01177492]
std_fit_time: [0.0009935  0.00187766]
mean_score_time: [0.00208964 0.00159473]
std_score_time: [0.00088763 0.00048858]
param_min_samples_split: [10 5]
param_max_features: ['log2' 'sqrt']
param_max_depth: [8 4]
params: [{'min_samples_split': 10, 'max_features': 'log2', 'max_depth': 8}, {'min_samples_split': 5, 'max_features': 'sqrt', 'max_depth': 4}]
split0_test_score: [0.9734199  0.98550829]
split1_test_score: [0.96785996 0.92316522]
split2_test_score: [0.97664825 0.95006815]
split3_test_score: [0.96022229 0.92183387]
split4_test_score: [0.89682656 0.88004533]
mean_test_score: [0.95499539 0.93212417]
std_test_score: [0.02961331 0.0348431 ]
rank_test_score: [1 2]
