Type: Random Search
mean_fit_time: [0.01121259 0.00997753]
std_fit_time: [0.00091681 0.00057164]
mean_score_time: [0.00249362 0.00185289]
std_score_time: [0.00055045 0.00068052]
param_min_samples_split: [5 2]
param_max_depth: [8 8]
params: [{'min_samples_split': 5, 'max_depth': 8}, {'min_samples_split': 2, 'max_depth': 8}]
split0_test_score: [0.93069666 0.9650762 ]
split1_test_score: [0.97493261 0.95965858]
split2_test_score: [0.95040431 0.94645103]
split3_test_score: [0.91608266 0.90763702]
split4_test_score: [0.84551282 0.88727106]
mean_test_score: [0.92352581 0.93321878]
std_test_score: [0.04372176 0.03051121]
rank_test_score: [2 1]
