Type: Random Search
mean_fit_time: [1192.86810856 1285.29693274]
std_fit_time: [263.37376198 213.88198091]
mean_score_time: [18.76179376  4.32990174]
std_score_time: [4.81118897 0.85421173]
param_kernel: ['rbf' 'poly']
param_gamma: ['scale' 'scale']
param_degree: [3 3]
param_C: [0.1 0.1]
params: [{'kernel': 'rbf', 'gamma': 'scale', 'degree': 3, 'C': 0.1}, {'kernel': 'poly', 'gamma': 'scale', 'degree': 3, 'C': 0.1}]
split0_test_score: [0.94935237 0.96066065]
split1_test_score: [0.99553511 0.98678973]
split2_test_score: [0.99492524 0.98866524]
split3_test_score: [0.99624682 0.99031486]
split4_test_score: [0.9939253  0.98769002]
mean_test_score: [0.98599697 0.9828241 ]
std_test_score: [0.01833813 0.01114318]
rank_test_score: [1 2]
