Type: Random Search
mean_fit_time: [0.02646503 0.02061267]
std_fit_time: [0.0023009  0.00257913]
mean_score_time: [0.00270104 0.00200367]
std_score_time: [4.0012707e-04 2.0839475e-06]
param_min_samples_split: [10 5]
param_max_features: ['log2' 'sqrt']
param_max_depth: [8 4]
params: [{'min_samples_split': 10, 'max_features': 'log2', 'max_depth': 8}, {'min_samples_split': 5, 'max_features': 'sqrt', 'max_depth': 4}]
split0_test_score: [0.98326637 0.91306765]
split1_test_score: [0.96992252 0.95064208]
split2_test_score: [0.95993256 0.95322477]
split3_test_score: [0.93642147 0.937957  ]
split4_test_score: [0.859864   0.87355586]
mean_test_score: [0.94188138 0.92568947]
std_test_score: [0.04377563 0.02969357]
rank_test_score: [1 2]
